0 1 72 11 133 53 1920
1 1 46 27 97 39 3456
2 1 123 82 138 55 7104
3 1 117 52 160 64 9088
4 1 119 121 118 47 2368
5 1 75 34 114 45 4352
6 1 89 73 131 52 3392
7 1 74 85 145 58 8576
8 1 73 41 138 55 6400
9 1 94 56 164 66 8064
10 1 72 74 190 76 8512
11 1 65 63 179 72 4672
12 1 69 22 158 63 10432
13 1 81 133 135 54 5760
14 1 108 12 110 44 2496
15 1 85 132 165 66 6144
16 1 66 46 187 75 8128
17 1 66 38 193 77 5760
18 1 88 55 199 80 5760
19 1 59 29 195 78 6208
20 1 45 97 180 72 11392
21 1 49 18 135 54 7488
22 1 97 59 128 51 5248
23 1 90 141 149 60 4352
24 1 44 36 161 64 3264
25 2 56 51 155 62 1024 49 13 194 78 1024
26 1 45 88 146 59 5056
27 1 62 74 99 39 2752
28 1 32 46 151 60 4672
29 1 51 23 155 62 6144
30 1 80 24 121 49 3840
31 1 76 3 112 45 768
32 1 80 58 167 67 8640
33 1 73 56 131 52 1856
34 1 109 17 108 43 3648
35 2 104 261 82 32 704 88 36 157 63 8128
36 1 75 44 134 53 4352
37 1 92 14 121 48 1216
38 1 43 32 177 71 8512
39 1 59 68 174 70 4608
40 1 94 8 137 55 4736
41 1 49 116 154 62 7168
42 2 89 135 106 42 2304 90 22 141 57 5184
43 1 58 87 111 44 4480
44 1 81 91 133 53 4224
45 1 75 30 125 50 6016
46 1 30 43 124 49 7936
47 1 25 36 138 55 4672
48 1 23 16 161 64 5824
49 1 47 31 181 72 4416
50 1 73 26 175 70 9536
51 1 102 87 170 68 6400
52 1 75 153 114 45 4352
53 1 43 57 176 70 11648
54 1 61 47 166 67 9152
55 1 69 81 183 73 8448
56 1 60 48 160 64 6272
57 1 35 25 132 53 6400
58 1 87 59 101 40 2176
59 1 97 16 132 53 4352
60 1 39 25 105 42 6336
61 1 64 122 175 70 9920
62 1 58 31 164 66 9856
63 1 57 91 175 70 7296
64 1 42 87 125 50 4800
65 1 60 34 126 50 9024
66 1 62 62 128 51 4352
67 1 28 62 175 70 6592
68 1 102 80 130 52 3840
69 1 75 56 182 73 9472
70 1 62 21 120 48 6208
71 1 75 105 140 56 7936
72 1 94 115 169 68 4672
73 1 44 67 162 65 5312
74 1 81 67 177 71 7296
75 0
76 1 90 15 133 53 4736
77 1 69 35 165 66 4992
78 2 85 17 128 51 4736 87 187 132 53 7296
79 2 83 11 133 53 4096 82 174 134 54 5504
80 2 84 15 132 53 5248 87 188 140 56 6080
81 2 87 17 149 60 2688 95 145 190 76 4224
82 2 140 28 96 38 2304 137 286 126 50 5376
83 1 111 155 126 51 6784
84 1 30 32 107 43 4800
85 2 33 5 114 46 640 35 82 179 72 8768
86 2 66 32 96 38 3264 77 96 175 70 8448
87 2 60 188 134 54 5312 68 12 135 54 7296
88 2 100 185 116 46 5312 98 30 150 60 8704
89 2 105 9 110 44 3776 110 137 188 75 5376
90 2 76 133 167 67 3328 75 15 102 41 4160
91 2 84 12 114 46 5184 84 108 141 56 10752
92 1 92 146 119 48 4032
93 3 65 94 195 78 144 99 171 116 46 1728 73 20 122 49 7744
94 2 93 184 113 45 6656 96 39 163 65 8448
95 1 93 32 193 77 7232
96 2 88 9 125 50 4224 82 145 125 50 4544
97 2 60 123 104 42 1664 64 13 127 51 3840
98 2 89 166 105 42 4160 103 36 185 74 12288
99 1 58 180 118 47 4928
100 2 101 184 85 34 640 86 42 124 50 6208
101 2 81 17 97 39 3968 83 146 120 48 7552
102 1 88 182 124 50 1536
103 2 56 183 83 33 704 57 14 174 70 5312
104 2 98 19 140 56 1152 100 161 153 61 10112
105 2 129 10 133 53 1920 118 221 115 46 4032
106 2 93 15 96 38 2368 112 114 153 61 4864
107 2 68 16 136 54 3456 75 143 109 44 4672
