32 43 163 57 23 3 -5 
43 6 133 57 23 3 -5 
100 136 206 51 20 3 -5 
13 96 26 112 45 3 -5 
75 2 83 53 21 3 -5 
78 129 12 55 22 3 -5 
97 103 150 53 21 3 -5 
101 13 212 104 42 3 -5 
102 90 69 130 52 3 -5 
3 56 95 102 41 3 -5 
43 84 220 64 26 3 -5 
72 13 194 58 23 3 -5 
2 132 266 55 22 3 -5 
20 46 248 66 26 3 -5 
32 110 242 71 28 3 -5 
93 2 109 55 22 3 -5 
99 40 30 95 38 3 -5 
106 10 153 55 22 3 -5 
7 85 164 107 43 3 -5 
12 29 62 122 49 3 -5 
13 18 114 66 26 3 -5 
13 45 9 128 51 3 -5 
40 23 125 53 21 3 -5 
42 95 260 56 22 3 -5 
42 6 149 64 26 3 -5 
51 32 124 198 79 3 -5 
29 42 101 111 45 3 -5 
92 72 74 137 55 3 -5 
98 37 23 123 49 3 -5 
0 118 39 57 23 3 -5 
41 23 178 118 47 3 -5 
48 108 54 72 29 3 -5 
97 95 196 106 42 3 -5 
10 40 128 113 45 3 -5 
48 109 18 51 20 3 -5 
82 29 104 60 24 3 -5 
14 114 67 98 39 3 -5 
15 129 36 95 38 3 -5 
18 153 100 128 51 3 -5 
39 4 7 173 69 3 -5 
53 88 115 123 49 3 -5 
94 52 148 101 41 3 -5 
94 39 77 121 48 3 -5 
104 14 85 122 49 3 -5 
31 100 147 79 31 3 -5 
49 127 172 72 29 3 -5 
49 115 135 116 46 3 -5 
93 19 21 173 69 3 -5 
54 116 104 78 31 3 -5 
55 142 217 54 22 3 -5 
55 125 160 109 44 3 -5 
85 82 13 84 33 3 -5 
106 123 37 94 38 3 -5 
102 115 7 116 47 3 -5 
106 48 21 115 46 3 -5 
31 69 40 161 64 3 -5 
40 86 136 121 48 3 -5 
80 77 99 161 64 3 -5 
92 11 68 125 50 3 -5 
40 103 144 67 27 3 -5 
49 141 12 67 27 3 -5 
55 122 12 115 46 3 -5 
55 124 56 107 43 3 -5 
86 119 13 121 48 3 -5 
91 10 39 105 42 3 -5 
41 28 88 108 43 3 -5 
2 48 221 120 48 3 -5 
104 101 86 141 56 3 -5 
107 17 7 172 69 3 -5 
92 42 60 113 45 3 -5 
81 54 59 124 50 3 -5 
92 98 253 78 31 3 -5 
63 12 63 178 71 3 -5 
53 87 12 115 46 3 -5 
43 46 176 104 42 3 -5 
49 26 123 115 46 3 -5 
80 33 86 130 52 3 -5 
105 56 86 200 80 3 -5 
72 82 17 112 45 3 -5 
68 20 86 128 51 3 -5 
95 100 213 74 29 3 -1 
92 113 19 113 45 5 -3 
93 65 94 195 78 144 5 
100 101 184 85 34 640 7 
85 33 5 114 46 640 5 
35 104 261 82 32 704 7 
103 56 183 83 33 704 7 
31 76 3 112 45 768 7 
25 56 51 155 62 1024 7 
25 49 13 194 78 1024 7 
104 98 19 140 56 1152 7 
37 92 14 121 48 1216 7 
102 88 182 124 50 1536 7 
97 60 123 104 42 1664 7 
93 99 171 116 46 1728 7 
33 73 56 131 52 1856 7 
0 72 11 133 53 1920 7 
105 129 10 133 53 1920 7 
58 87 59 101 40 2176 7 
42 89 135 106 42 2304 7 
82 140 28 96 38 2304 7 
4 119 121 118 47 2368 7 
106 93 15 96 38 2368 7 
14 108 12 110 44 2496 7 
81 87 17 149 60 2688 7 
27 62 74 99 39 2752 7 
24 44 36 161 64 3264 7 
86 66 32 96 38 3264 7 
90 76 133 167 67 3328 7 
6 89 73 131 52 3392 7 
1 46 27 97 39 3456 7 
107 68 16 136 54 3456 7 
34 109 17 108 43 3648 7 
89 105 9 110 44 3776 7 
30 80 24 121 49 3840 7 
68 102 80 130 52 3840 7 
97 64 13 127 51 3840 7 
101 81 17 97 39 3968 7 
92 92 146 119 48 4032 7 
105 118 221 115 46 4032 7 
79 83 11 133 53 4096 7 
90 75 15 102 41 4160 7 
98 89 166 105 42 4160 7 
44 81 91 133 53 4224 7 
81 95 145 190 76 4224 7 
96 88 9 125 50 4224 7 
5 75 34 114 45 4352 7 
23 90 141 149 60 4352 7 
36 75 44 134 53 4352 7 
52 75 153 114 45 4352 7 
59 97 16 132 53 4352 7 
66 62 62 128 51 4352 7 
49 47 31 181 72 4416 7 
43 58 87 111 44 4480 7 
96 82 145 125 50 4544 7 
39 59 68 174 70 4608 7 
11 65 63 179 72 4672 7 
28 32 46 151 60 4672 7 
47 25 36 138 55 4672 7 
72 94 115 169 68 4672 7 
107 75 143 109 44 4672 7 
40 94 8 137 55 4736 7 
76 90 15 133 53 4736 7 
78 85 17 128 51 4736 7 
64 42 87 125 50 4800 7 
84 30 32 107 43 4800 7 
106 112 114 153 61 4864 7 
99 58 180 118 47 4928 7 
77 69 35 165 66 4992 7 
26 45 88 146 59 5056 7 
42 90 22 141 57 5184 7 
91 84 12 114 46 5184 7 
22 97 59 128 51 5248 7 
80 84 15 132 53 5248 7 
73 44 67 162 65 5312 7 
87 60 188 134 54 5312 7 
88 100 185 116 46 5312 7 
103 57 14 174 70 5312 7 
82 137 286 126 50 5376 7 
89 110 137 188 75 5376 7 
79 82 174 134 54 5504 7 
13 81 133 135 54 5760 7 
17 66 38 193 77 5760 7 
18 88 55 199 80 5760 7 
48 23 16 161 64 5824 7 
45 75 30 125 50 6016 7 
80 87 188 140 56 6080 7 
15 85 132 165 66 6144 7 
29 51 23 155 62 6144 7 
19 59 29 195 78 6208 7 
70 62 21 120 48 6208 7 
100 86 42 124 50 6208 7 
56 60 48 160 64 6272 7 
60 39 25 105 42 6336 7 
8 73 41 138 55 6400 7 
51 102 87 170 68 6400 7 
57 35 25 132 53 6400 7 
67 28 62 175 70 6592 7 
94 93 184 113 45 6656 7 
83 111 155 126 51 6784 7 
2 123 82 138 55 7104 7 
41 49 116 154 62 7168 7 
95 93 32 193 77 7232 7 
63 57 91 175 70 7296 7 
74 81 67 177 71 7296 7 
78 87 187 132 53 7296 7 
87 68 12 135 54 7296 7 
21 49 18 135 54 7488 7 
101 83 146 120 48 7552 7 
93 73 20 122 49 7744 7 
46 30 43 124 49 7936 7 
71 75 105 140 56 7936 7 
9 94 56 164 66 8064 7 
16 66 46 187 75 8128 7 
35 88 36 157 63 8128 7 
55 69 81 183 73 8448 7 
86 77 96 175 70 8448 7 
94 96 39 163 65 8448 7 
10 72 74 190 76 8512 7 
38 43 32 177 71 8512 7 
7 74 85 145 58 8576 7 
32 80 58 167 67 8640 7 
88 98 30 150 60 8704 7 
85 35 82 179 72 8768 7 
65 60 34 126 50 9024 7 
3 117 52 160 64 9088 7 
54 61 47 166 67 9152 7 
69 75 56 182 73 9472 7 
50 73 26 175 70 9536 7 
62 58 31 164 66 9856 7 
61 64 122 175 70 9920 7 
104 100 161 153 61 10112 7 
12 69 22 158 63 10432 7 
91 84 108 141 56 10752 7 
20 45 97 180 72 11392 7 
53 43 57 176 70 11648 7 
98 103 36 185 74 12288 7 
