0 1 72 11 133 53 240
1 1 46 27 97 39 432
2 1 123 82 138 55 888
3 1 117 52 160 64 1136
4 1 119 121 118 47 296
5 1 75 34 114 45 544
6 1 89 73 131 52 424
7 1 74 85 145 58 1072
8 1 73 41 138 55 800
9 1 94 56 164 66 1008
10 1 72 74 190 76 1064
11 1 65 63 179 72 584
12 3 69 22 158 63 1304 131 178 12 4 99999 62 22 173 71 99999
13 1 81 133 135 54 720
14 1 108 12 110 44 312
15 1 85 132 165 66 768
16 1 66 46 187 75 1016
17 1 66 38 193 77 720
18 1 88 55 199 80 720
19 1 59 29 195 78 776
20 1 45 97 180 72 1424
21 1 49 18 135 54 936
22 1 97 59 128 51 656
23 1 90 141 149 60 544
24 1 44 36 161 64 408
25 2 56 51 155 62 128 49 13 194 78 128
26 1 45 88 146 59 632
27 1 62 74 99 39 344
28 1 32 46 151 60 584
29 1 51 23 155 62 768
30 1 80 24 121 49 480
31 1 76 3 112 45 96
32 1 80 58 167 67 1080
33 1 73 56 131 52 232
34 1 109 17 108 43 456
35 2 104 261 82 32 88 88 36 157 63 1016
36 1 75 44 134 53 544
37 2 92 14 121 48 36 74 15 177 69 99999
38 1 43 32 177 71 1064
39 1 59 68 174 70 576
40 1 94 8 137 55 592
41 1 49 116 154 62 896
42 2 89 135 106 42 288 90 22 141 57 648
43 1 58 87 111 44 560
44 1 81 91 133 53 528
45 1 75 30 125 50 752
46 1 30 43 124 49 992
47 1 25 36 138 55 584
48 1 23 16 161 64 728
49 1 47 31 181 72 552
50 1 73 26 175 70 1192
51 1 102 87 170 68 800
52 1 75 153 114 45 544
53 1 43 57 176 70 1456
54 1 61 47 166 67 1144
55 1 69 81 183 73 1056
56 1 60 48 160 64 784
57 1 35 25 132 53 800
58 1 87 59 101 40 272
59 1 97 16 132 53 544
60 1 39 25 105 42 792
61 1 64 122 175 70 1240
62 1 58 31 164 66 1232
63 1 57 91 175 70 912
64 1 42 87 125 50 600
65 1 60 34 126 50 1128
66 1 62 62 128 51 544
67 1 28 62 175 70 824
68 1 102 80 130 52 480
69 1 75 56 182 73 1184
70 1 62 21 120 48 776
71 1 75 105 140 56 992
72 1 94 115 169 68 584
73 1 44 67 162 65 664
74 1 81 67 177 71 912
75 1 34 31 132 57 99999
76 1 90 15 133 53 592
77 1 69 35 165 66 624
78 2 85 17 128 51 592 87 187 132 53 912
79 2 83 11 133 53 512 82 174 134 54 688
80 2 84 15 132 53 656 87 188 140 56 760
81 2 87 17 149 60 336 95 145 190 76 528
82 2 140 28 96 38 288 137 286 126 50 672
83 4 111 155 126 51 848 97 3 113 84 99999 181 116 3 -1 99999 95 9 103 59 99999
84 2 30 32 107 43 600 44 126 104 51 99999
85 2 33 5 114 46 320 35 82 179 72 1096
86 2 66 32 96 38 100 77 96 175 70 1056
87 2 60 188 134 54 664 68 12 135 54 912
88 2 100 185 116 46 664 98 30 150 60 1088
89 2 105 9 110 44 472 110 137 188 75 672
90 2 76 133 167 67 416 75 15 102 41 520
91 2 84 12 114 46 648 84 108 141 56 1344
92 2 92 146 119 48 504 95 9 173 68 99999
93 3 99 171 116 46 52 65 94 195 78 72 73 20 122 49 968
94 2 93 184 113 45 832 96 39 163 65 1056
95 2 100 213 74 29 8 93 32 193 77 904
96 2 88 9 125 50 528 82 145 125 50 568
97 2 60 123 104 42 208 64 13 127 51 480
98 2 89 166 105 42 520 103 36 185 74 1536
99 2 58 180 118 47 616 63 86 118 38 99999
100 2 101 184 85 34 80 86 42 124 50 776
101 2 81 17 97 39 496 83 146 120 48 944
102 3 115 7 116 47 32 88 182 124 50 48 92 4 179 70 99999
103 2 56 183 83 33 88 57 14 174 70 664
104 2 98 19 140 56 144 100 161 153 61 1264
105 2 129 10 133 53 240 118 221 115 46 504
106 2 93 15 96 38 296 112 114 153 61 608
107 2 68 16 136 54 432 75 143 109 44 584
