43 6 133 57 23 3 -2 
100 136 206 51 20 3 -2 
13 96 26 112 45 3 -2 
75 2 83 53 21 3 -2 
78 129 12 55 22 3 -2 
97 103 150 53 21 3 -2 
101 13 212 104 42 3 -2 
3 56 95 102 41 3 -2 
43 84 220 64 26 3 -2 
72 13 194 58 23 3 -2 
2 132 266 55 22 3 -2 
20 46 248 66 26 3 -2 
32 110 242 71 28 3 -2 
93 2 109 55 22 3 -2 
99 40 30 95 38 3 -2 
106 10 153 55 22 3 -2 
7 85 164 107 43 3 -2 
12 29 62 122 49 3 -2 
13 18 114 66 26 3 -2 
13 45 9 128 51 3 -2 
40 23 125 53 21 3 -2 
42 95 260 56 22 3 -2 
42 6 149 64 26 3 -2 
51 32 124 198 79 3 -2 
29 42 101 111 45 3 -2 
92 72 74 137 55 3 -2 
98 37 23 123 49 3 -2 
0 118 39 57 23 3 -2 
41 23 178 118 47 3 -2 
48 108 54 72 29 3 -2 
97 95 196 106 42 3 -2 
10 40 128 113 45 3 -2 
48 109 18 51 20 3 -2 
82 29 104 60 24 3 -2 
14 114 67 98 39 3 -2 
15 129 36 95 38 3 -2 
18 153 100 128 51 3 -2 
39 4 7 173 69 3 -2 
94 52 148 101 41 3 -2 
94 39 77 121 48 3 -2 
104 14 85 122 49 3 -2 
31 100 147 79 31 3 -2 
49 127 172 72 29 3 -2 
49 115 135 116 46 3 -2 
93 19 21 173 69 3 -2 
54 116 104 78 31 3 -2 
55 142 217 54 22 3 -2 
55 125 160 109 44 3 -2 
85 82 13 84 33 3 -2 
106 123 37 94 38 3 -2 
106 48 21 115 46 3 -2 
40 86 136 121 48 3 -2 
80 77 99 161 64 3 -2 
92 11 68 125 50 3 -2 
40 103 144 67 27 3 -2 
49 141 12 67 27 3 -2 
55 122 12 115 46 3 -2 
55 124 56 107 43 3 -2 
86 119 13 121 48 3 -2 
91 10 39 105 42 3 -2 
41 28 88 108 43 3 -2 
102 90 69 130 52 3 0 
2 48 221 120 48 3 -2 
104 101 86 141 56 3 -2 
107 17 7 172 69 3 -2 
92 42 60 113 45 3 -2 
81 54 59 124 50 3 -2 
92 98 253 78 31 3 -2 
63 12 63 178 71 4 -2 
53 87 12 115 46 4 -2 
43 46 176 104 42 4 -2 
49 26 123 115 46 4 -2 
80 33 86 130 52 4 -2 
105 56 86 200 80 5 -2 
32 43 163 57 23 6 0 
53 88 115 123 49 6 0 
95 100 213 74 29 8 2 
31 69 40 161 64 8 0 
68 20 86 128 51 8 -2 
72 82 17 112 45 28 0 
102 115 7 116 47 32 2 
37 92 14 121 48 36 2 
92 113 19 113 45 44 0 
102 88 182 124 50 48 2 
93 99 171 116 46 52 2 
93 65 94 195 78 72 4 
100 101 184 85 34 80 4 
35 104 261 82 32 88 4 
103 56 183 83 33 88 4 
31 76 3 112 45 96 4 
86 66 32 96 38 100 2 
25 56 51 155 62 128 4 
25 49 13 194 78 128 4 
104 98 19 140 56 144 4 
97 60 123 104 42 208 4 
33 73 56 131 52 232 4 
0 72 11 133 53 240 4 
105 129 10 133 53 240 4 
58 87 59 101 40 272 4 
42 89 135 106 42 288 4 
82 140 28 96 38 288 4 
4 119 121 118 47 296 4 
106 93 15 96 38 296 4 
14 108 12 110 44 312 4 
85 33 5 114 46 320 4 
81 87 17 149 60 336 4 
27 62 74 99 39 344 4 
24 44 36 161 64 408 4 
90 76 133 167 67 416 4 
6 89 73 131 52 424 4 
1 46 27 97 39 432 4 
107 68 16 136 54 432 4 
34 109 17 108 43 456 4 
89 105 9 110 44 472 4 
30 80 24 121 49 480 4 
68 102 80 130 52 480 4 
97 64 13 127 51 480 4 
101 81 17 97 39 496 4 
92 92 146 119 48 504 4 
105 118 221 115 46 504 4 
79 83 11 133 53 512 4 
90 75 15 102 41 520 4 
98 89 166 105 42 520 4 
44 81 91 133 53 528 4 
81 95 145 190 76 528 4 
96 88 9 125 50 528 4 
5 75 34 114 45 544 4 
23 90 141 149 60 544 4 
36 75 44 134 53 544 4 
52 75 153 114 45 544 4 
59 97 16 132 53 544 4 
66 62 62 128 51 544 4 
49 47 31 181 72 552 4 
43 58 87 111 44 560 4 
96 82 145 125 50 568 4 
39 59 68 174 70 576 4 
11 65 63 179 72 584 4 
28 32 46 151 60 584 4 
47 25 36 138 55 584 4 
72 94 115 169 68 584 4 
107 75 143 109 44 584 4 
40 94 8 137 55 592 4 
76 90 15 133 53 592 4 
78 85 17 128 51 592 4 
64 42 87 125 50 600 4 
84 30 32 107 43 600 4 
106 112 114 153 61 608 4 
99 58 180 118 47 616 4 
77 69 35 165 66 624 4 
26 45 88 146 59 632 4 
42 90 22 141 57 648 4 
91 84 12 114 46 648 4 
22 97 59 128 51 656 4 
80 84 15 132 53 656 4 
73 44 67 162 65 664 4 
87 60 188 134 54 664 4 
88 100 185 116 46 664 4 
103 57 14 174 70 664 4 
82 137 286 126 50 672 4 
89 110 137 188 75 672 4 
79 82 174 134 54 688 4 
13 81 133 135 54 720 4 
17 66 38 193 77 720 4 
18 88 55 199 80 720 4 
48 23 16 161 64 728 4 
45 75 30 125 50 752 4 
80 87 188 140 56 760 4 
15 85 132 165 66 768 4 
29 51 23 155 62 768 4 
19 59 29 195 78 776 4 
70 62 21 120 48 776 4 
100 86 42 124 50 776 4 
56 60 48 160 64 784 4 
60 39 25 105 42 792 4 
8 73 41 138 55 800 4 
51 102 87 170 68 800 4 
57 35 25 132 53 800 4 
67 28 62 175 70 824 4 
94 93 184 113 45 832 4 
83 111 155 126 51 848 4 
2 123 82 138 55 888 4 
41 49 116 154 62 896 4 
95 93 32 193 77 904 4 
63 57 91 175 70 912 4 
74 81 67 177 71 912 4 
78 87 187 132 53 912 4 
87 68 12 135 54 912 4 
21 49 18 135 54 936 4 
101 83 146 120 48 944 4 
93 73 20 122 49 968 4 
46 30 43 124 49 992 4 
71 75 105 140 56 992 4 
9 94 56 164 66 1008 4 
16 66 46 187 75 1016 4 
35 88 36 157 63 1016 4 
55 69 81 183 73 1056 4 
86 77 96 175 70 1056 4 
94 96 39 163 65 1056 4 
10 72 74 190 76 1064 4 
38 43 32 177 71 1064 4 
7 74 85 145 58 1072 4 
32 80 58 167 67 1080 4 
88 98 30 150 60 1088 4 
85 35 82 179 72 1096 4 
65 60 34 126 50 1128 4 
3 117 52 160 64 1136 4 
54 61 47 166 67 1144 4 
69 75 56 182 73 1184 4 
50 73 26 175 70 1192 4 
62 58 31 164 66 1232 4 
61 64 122 175 70 1240 4 
104 100 161 153 61 1264 4 
12 69 22 158 63 1304 4 
91 84 108 141 56 1344 4 
20 45 97 180 72 1424 4 
53 43 57 176 70 1456 4 
98 103 36 185 74 1536 4 
