98 103 36 185 74 192 
53 43 57 176 70 182 
20 45 97 180 72 178 
91 84 108 141 56 168 
12 69 22 158 63 163 
104 100 161 153 61 158 
61 64 122 175 70 155 
62 58 31 164 66 154 
50 73 26 175 70 149 
69 75 56 182 73 148 
54 61 47 166 67 143 
3 117 52 160 64 142 
65 60 34 126 50 141 
85 35 82 179 72 137 
88 98 30 150 60 136 
32 80 58 167 67 135 
7 74 85 145 58 134 
10 72 74 190 76 133 
38 43 32 177 71 133 
55 69 81 183 73 132 
86 77 96 175 70 132 
94 96 39 163 65 132 
16 66 46 187 75 127 
35 88 36 157 63 127 
9 94 56 164 66 126 
46 30 43 124 49 124 
71 75 105 140 56 124 
93 73 20 122 49 121 
101 83 146 120 48 118 
21 49 18 135 54 117 
63 57 91 175 70 114 
74 81 67 177 71 114 
78 87 187 132 53 114 
87 68 12 135 54 114 
95 93 32 193 77 113 
41 49 116 154 62 112 
2 123 82 138 55 111 
83 111 155 126 51 106 
94 93 184 113 45 104 
67 28 62 175 70 103 
8 73 41 138 55 100 
51 102 87 170 68 100 
57 35 25 132 53 100 
60 39 25 105 42 99 
56 60 48 160 64 98 
19 59 29 195 78 97 
70 62 21 120 48 97 
100 86 42 124 50 97 
15 85 132 165 66 96 
29 51 23 155 62 96 
80 87 188 140 56 95 
45 75 30 125 50 94 
48 23 16 161 64 91 
13 81 133 135 54 90 
17 66 38 193 77 90 
18 88 55 199 80 90 
92 113 19 113 45 89 
79 82 174 134 54 86 
82 137 286 126 50 84 
89 110 137 188 75 84 
73 44 67 162 65 83 
87 60 188 134 54 83 
88 100 185 116 46 83 
103 57 14 174 70 83 
22 97 59 128 51 82 
80 84 15 132 53 82 
42 90 22 141 57 81 
91 84 12 114 46 81 
26 45 88 146 59 79 
77 69 35 165 66 78 
99 58 180 118 47 77 
106 112 114 153 61 76 
64 42 87 125 50 75 
84 30 32 107 43 75 
40 94 8 137 55 74 
76 90 15 133 53 74 
78 85 17 128 51 74 
11 65 63 179 72 73 
28 32 46 151 60 73 
47 25 36 138 55 73 
72 94 115 169 68 73 
107 75 143 109 44 73 
39 59 68 174 70 72 
96 82 145 125 50 71 
43 58 87 111 44 70 
49 47 31 181 72 69 
5 75 34 114 45 68 
23 90 141 149 60 68 
36 75 44 134 53 68 
52 75 153 114 45 68 
59 97 16 132 53 68 
66 62 62 128 51 68 
44 81 91 133 53 66 
81 95 145 190 76 66 
96 88 9 125 50 66 
68 20 86 128 51 65 
90 75 15 102 41 65 
98 89 166 105 42 65 
79 83 11 133 53 64 
92 92 146 119 48 63 
105 118 221 115 46 63 
101 81 17 97 39 62 
30 80 24 121 49 60 
68 102 80 130 52 60 
97 64 13 127 51 60 
89 105 9 110 44 59 
34 109 17 108 43 57 
72 82 17 112 45 56 
1 46 27 97 39 54 
107 68 16 136 54 54 
6 89 73 131 52 53 
90 76 133 167 67 52 
24 44 36 161 64 51 
86 66 32 96 38 51 
105 56 86 200 80 47 
27 62 74 99 39 43 
81 87 17 149 60 42 
85 33 5 114 46 40 
14 108 12 110 44 39 
80 33 86 130 52 38 
4 119 121 118 47 37 
49 26 123 115 46 37 
106 93 15 96 38 37 
42 89 135 106 42 36 
82 140 28 96 38 36 
43 46 176 104 42 35 
58 87 59 101 40 34 
53 87 12 115 46 33 
63 12 63 178 71 32 
0 72 11 133 53 30 
92 98 253 78 31 30 
105 129 10 133 53 30 
33 73 56 131 52 29 
81 54 59 124 50 27 
93 99 171 116 46 27 
92 42 60 113 45 26 
97 60 123 104 42 26 
102 88 182 124 50 24 
2 48 221 120 48 23 
104 101 86 141 56 23 
107 17 7 172 69 23 
37 92 14 121 48 19 
41 28 88 108 43 19 
40 103 144 67 27 18 
49 141 12 67 27 18 
55 122 12 115 46 18 
55 124 56 107 43 18 
86 119 13 121 48 18 
91 10 39 105 42 18 
104 98 19 140 56 18 
31 69 40 161 64 17 
40 86 136 121 48 17 
80 77 99 161 64 17 
92 11 68 125 50 17 
25 56 51 155 62 16 
25 49 13 194 78 16 
102 115 7 116 47 16 
106 48 21 115 46 16 
106 123 37 94 38 15 
54 116 104 78 31 14 
55 142 217 54 22 14 
55 125 160 109 44 14 
85 82 13 84 33 14 
31 100 147 79 31 13 
49 127 172 72 29 13 
49 115 135 116 46 13 
93 19 21 173 69 13 
14 114 67 98 39 12 
15 129 36 95 38 12 
18 153 100 128 51 12 
31 76 3 112 45 12 
39 4 7 173 69 12 
53 88 115 123 49 12 
94 52 148 101 41 12 
94 39 77 121 48 12 
104 14 85 122 49 12 
10 40 128 113 45 11 
35 104 261 82 32 11 
48 109 18 51 20 11 
82 29 104 60 24 11 
103 56 183 83 33 11 
0 118 39 57 23 10 
41 23 178 118 47 10 
48 108 54 72 29 10 
97 95 196 106 42 10 
100 101 184 85 34 10 
29 42 101 111 45 9 
92 72 74 137 55 9 
93 65 94 195 78 9 
98 37 23 123 49 9 
7 85 164 107 43 8 
12 29 62 122 49 8 
13 18 114 66 26 8 
13 45 9 128 51 8 
40 23 125 53 21 8 
42 95 260 56 22 8 
42 6 149 64 26 8 
51 32 124 198 79 8 
2 132 266 55 22 7 
20 46 248 66 26 7 
32 110 242 71 28 7 
93 2 109 55 22 7 
99 40 30 95 38 7 
106 10 153 55 22 7 
3 56 95 102 41 6 
43 84 220 64 26 6 
72 13 194 58 23 6 
13 96 26 112 45 5 
75 2 83 53 21 5 
78 129 12 55 22 5 
97 103 150 53 21 5 
101 13 212 104 42 5 
102 90 69 130 52 5 
32 43 163 57 23 4 
43 6 133 57 23 4 
95 100 213 74 29 4 
100 136 206 51 20 4 
