27 60 80 127 51 4 1 
129 130 25 57 22 4 1 
165 88 34 74 30 4 1 
23 53 16 57 23 5 1 
32 59 14 84 33 5 1 
102 57 3 51 20 5 1 
115 66 23 66 26 5 1 
156 36 22 100 40 5 1 
15 69 96 143 57 6 1 
55 71 71 70 28 6 1 
87 57 6 92 36 6 1 
99 30 6 76 30 6 1 
145 46 52 58 23 6 1 
145 29 17 113 45 6 1 
150 45 34 110 44 6 1 
160 68 20 62 25 6 1 
24 51 104 61 24 7 1 
33 59 70 66 26 7 1 
43 36 28 66 26 7 1 
89 5 12 154 62 7 1 
110 40 145 111 45 7 1 
131 50 34 111 44 7 1 
104 129 89 64 25 8 1 
122 58 102 91 36 8 1 
25 36 7 97 39 9 1 
46 11 145 86 34 9 1 
59 70 213 84 33 9 1 
61 44 14 116 46 9 1 
65 61 34 128 51 10 1 
124 67 106 54 22 10 1 
54 20 24 54 22 11 1 
62 30 30 102 41 11 1 
83 34 26 104 42 11 1 
98 28 68 62 25 11 1 
114 35 21 81 32 11 1 
147 42 6 109 44 11 1 
46 99 51 109 44 12 1 
70 39 6 100 40 12 1 
86 75 162 85 34 12 1 
98 53 5 87 34 12 1 
118 44 94 60 24 12 1 
16 72 78 96 38 13 1 
18 114 268 81 32 13 1 
19 95 256 63 25 13 1 
9 24 51 107 42 14 1 
17 74 113 79 32 14 1 
103 62 85 110 44 14 1 
129 74 124 89 36 14 1 
135 32 94 57 23 14 1 
88 73 87 104 42 15 1 
98 80 78 111 44 15 1 
4 43 6 98 39 16 1 
6 67 3 65 26 16 1 
46 85 142 81 32 16 1 
131 65 62 66 26 16 1 
132 139 20 120 48 16 1 
134 14 28 103 41 16 1 
139 40 4 98 39 16 1 
4 43 104 109 44 17 1 
7 66 137 74 29 17 1 
48 39 11 84 33 17 1 
89 51 21 94 38 17 1 
105 92 49 72 29 17 1 
132 159 33 62 24 17 1 
9 29 2 94 38 18 1 
10 46 106 88 35 18 1 
71 43 51 83 33 18 1 
76 56 75 75 30 18 1 
116 49 43 99 39 18 1 
8 47 53 106 42 20 1 
56 33 28 75 29 20 1 
113 55 2 92 37 20 1 
112 26 23 107 43 21 1 
134 29 17 120 48 21 1 
46 78 29 89 35 22 1 
86 22 70 173 69 22 1 
143 53 22 85 34 22 1 
10 51 9 74 29 23 1 
153 35 26 96 38 23 1 
74 87 95 115 46 24 1 
138 39 41 99 40 24 1 
14 55 78 92 37 25 1 
119 23 10 86 34 25 1 
155 30 27 122 49 25 1 
16 47 67 97 39 26 1 
19 84 8 93 37 26 1 
77 12 19 108 43 26 1 
91 49 78 83 33 26 1 
100 33 15 85 34 26 1 
111 26 5 87 35 26 1 
158 34 14 105 42 26 1 
3 34 121 100 40 27 1 
15 62 207 87 34 27 1 
42 28 7 99 39 27 1 
44 51 6 91 36 27 1 
58 36 13 82 33 27 1 
104 43 8 109 43 27 1 
124 24 32 95 38 27 1 
133 32 40 110 44 27 1 
15 58 7 97 39 28 1 
28 12 70 100 40 28 1 
9 28 100 102 41 29 1 
15 17 28 143 57 29 1 
102 32 10 86 34 29 1 
123 26 13 101 40 29 1 
2 22 49 111 44 30 1 
19 87 116 86 34 30 1 
75 49 43 118 47 30 1 
126 30 19 86 34 30 1 
127 30 21 122 49 30 1 
11 45 5 72 28 31 1 
163 37 37 100 40 31 1 
163 29 7 124 50 31 1 
168 47 49 104 42 31 1 
169 45 31 105 42 31 1 
6 59 90 101 40 32 1 
29 48 54 104 42 32 1 
36 45 12 106 42 32 1 
39 17 31 98 39 32 1 
108 94 30 128 51 32 1 
143 46 120 108 43 32 1 
47 31 5 86 34 33 1 
90 22 26 138 55 33 1 
13 58 40 97 39 34 1 
130 41 38 94 37 34 1 
74 59 83 115 46 35 1 
117 78 8 100 40 35 1 
78 35 18 97 39 36 1 
84 41 68 96 38 36 1 
108 74 118 110 44 36 1 
108 49 85 150 60 36 1 
151 39 24 102 41 36 1 
7 63 7 77 31 37 1 
20 31 22 111 44 37 1 
46 29 85 152 61 37 1 
68 59 8 97 39 37 1 
72 53 84 78 31 37 1 
115 59 55 122 49 37 1 
144 34 10 89 35 37 1 
5 34 38 88 35 38 1 
86 73 46 88 35 38 1 
150 67 66 112 45 38 1 
165 59 29 108 43 38 1 
40 90 176 104 42 39 1 
63 34 43 103 41 39 1 
96 48 14 103 41 39 1 
149 48 35 89 36 39 1 
117 81 128 98 39 40 1 
37 70 110 102 41 41 1 
38 51 40 108 43 41 1 
105 58 31 107 43 41 1 
120 14 17 101 40 41 1 
132 80 25 105 42 41 1 
146 47 77 93 37 41 1 
33 26 45 109 44 42 1 
98 50 111 107 43 42 1 
93 58 84 90 36 43 1 
154 42 19 110 44 43 1 
157 35 12 110 44 43 1 
12 34 24 103 41 44 1 
60 45 30 105 42 44 1 
148 37 30 103 41 44 1 
82 61 94 107 43 45 1 
128 35 35 98 39 45 1 
11 43 104 88 35 46 1 
30 32 29 104 41 46 1 
107 44 25 90 36 46 1 
142 42 19 94 38 46 1 
41 29 23 106 42 47 1 
73 50 7 109 44 47 1 
140 62 7 100 40 47 1 
15 56 102 107 43 48 1 
65 39 35 113 45 48 1 
109 49 21 98 39 48 1 
34 48 25 111 45 49 1 
101 16 14 95 38 49 1 
121 46 29 105 42 49 1 
18 105 24 96 38 50 1 
85 53 16 101 40 50 1 
160 34 67 107 43 50 1 
67 24 12 108 43 52 1 
110 56 88 95 38 52 1 
125 38 33 104 42 52 1 
3 37 21 90 36 53 1 
55 24 30 110 44 53 1 
164 46 51 99 39 53 1 
40 92 87 99 39 54 1 
68 60 116 100 40 54 1 
136 25 16 102 41 54 1 
166 42 30 101 41 54 1 
49 27 17 103 41 56 1 
81 61 128 85 34 56 1 
118 38 35 93 37 58 1 
21 53 65 99 40 59 1 
51 35 25 98 39 59 1 
0 44 23 111 44 60 1 
26 60 32 104 42 60 1 
27 45 34 105 42 60 1 
92 58 11 98 39 61 1 
22 56 93 105 42 62 1 
106 52 76 90 36 63 1 
52 18 39 109 43 65 1 
152 38 43 95 38 65 1 
162 27 54 98 39 65 1 
32 55 99 103 41 66 1 
95 43 65 118 47 66 1 
137 41 47 102 41 66 1 
35 59 94 111 44 67 1 
135 43 23 107 43 67 1 
94 40 20 111 45 68 1 
161 35 23 112 45 69 1 
50 37 22 102 41 70 1 
79 43 41 106 42 70 1 
80 60 57 110 44 72 1 
54 35 37 98 39 73 1 
159 78 19 99 40 73 1 
64 50 90 105 42 74 1 
90 62 88 93 37 75 1 
105 63 133 103 41 75 1 
1 61 24 101 40 78 1 
1 64 145 98 39 81 1 
45 50 30 115 46 81 1 
53 35 41 96 38 81 1 
167 32 22 103 41 85 1 
165 54 128 117 47 86 1 
97 74 95 107 43 88 1 
141 29 22 99 40 89 1 
113 52 87 110 44 101 1 
69 40 28 106 42 108 1 
57 53 41 116 47 130 1 
