0: (72,11,133)
1: (46,27,97)
2: (123,82,138)
3: (117,52,160)
4: (119,121,118)
5: (75,34,114)
6: (89,73,131)
7: (74,85,145)
8: (73,41,138)
9: (94,56,164)
10: (72,74,190)
11: (65,63,179)
12: (69,22,158) (131,178,12) (62,22,173)
13: (81,133,135)
14: (108,12,110)
15: (85,132,165)
16: (66,46,187)
17: (66,38,193)
18: (88,55,199)
19: (59,29,195)
20: (45,97,180)
21: (49,18,135)
22: (97,59,128)
23: (90,141,149)
24: (44,36,161)
25: (56,51,155) (49,13,194)
26: (45,88,146)
27: (62,74,99)
28: (32,46,151)
29: (51,23,155)
30: (80,24,121)
31: (76,3,112)
32: (80,58,167)
33: (73,56,131)
34: (109,17,108)
35: (104,261,82) (88,36,157)
36: (75,44,134)
37: (92,14,121) (74,15,177)
38: (43,32,177)
39: (59,68,174)
40: (94,8,137)
41: (49,116,154)
42: (89,135,106) (90,22,141)
43: (58,87,111)
44: (81,91,133)
45: (75,30,125)
46: (30,43,124)
47: (25,36,138)
48: (23,16,161)
49: (47,31,181)
50: (73,26,175)
51: (102,87,170)
52: (75,153,114)
53: (43,57,176)
54: (61,47,166)
55: (69,81,183)
56: (60,48,160)
57: (35,25,132)
58: (87,59,101)
59: (97,16,132)
60: (39,25,105)
61: (64,122,175)
62: (58,31,164)
63: (57,91,175)
64: (42,87,125)
65: (60,34,126)
66: (62,62,128)
67: (28,62,175)
68: (102,80,130)
69: (75,56,182)
70: (62,21,120)
71: (75,105,140)
72: (94,115,169)
73: (44,67,162)
74: (81,67,177)
75: (34,31,132)
76: (90,15,133)
77: (69,35,165)
78: (85,17,128) (87,187,132)
79: (83,11,133) (82,174,134)
80: (84,15,132) (87,188,140)
81: (87,17,149) (95,145,190)
82: (140,28,96) (137,286,126)
83: (111,155,126) (97,3,113) (181,116,3) (95,9,103)
84: (30,32,107) (44,126,104)
85: (33,5,114) (35,82,179)
86: (66,32,96) (77,96,175)
87: (60,188,134) (68,12,135)
88: (100,185,116) (98,30,150)
89: (105,9,110) (110,137,188)
90: (76,133,167) (75,15,102)
91: (84,12,114) (84,108,141)
92: (92,146,119) (95,9,173)
93: (99,171,116) (65,94,195) (73,20,122)
94: (93,184,113) (96,39,163)
95: (100,213,74) (93,32,193)
96: (88,9,125) (82,145,125)
97: (60,123,104) (64,13,127)
98: (89,166,105) (103,36,185)
99: (58,180,118) (63,86,118)
100: (101,184,85) (86,42,124)
101: (81,17,97) (83,146,120)
102: (115,7,116) (88,182,124) (92,4,179)
103: (56,183,83) (57,14,174)
104: (98,19,140) (100,161,153)
105: (129,10,133) (118,221,115)
106: (93,15,96) (112,114,153)
107: (68,16,136) (75,143,109)
