0: 2 118 39 57 23 10 72 11 133 53 30
1: 1 46 27 97 39 54
2: 3 132 266 55 22 7 123 82 138 55 111 48 221 120 48 23
3: 2 56 95 102 41 6 117 52 160 64 142
4: 1 119 121 118 47 37
5: 1 75 34 114 45 68
6: 1 89 73 131 52 53
7: 2 85 164 107 43 8 74 85 145 58 134
8: 1 73 41 138 55 100
9: 1 94 56 164 66 126
10: 2 40 128 113 45 11 72 74 190 76 133
11: 1 65 63 179 72 73
12: 2 69 22 158 63 163 29 62 122 49 8
13: 4 18 114 66 26 8 81 133 135 54 90 96 26 112 45 5 45 9 128 51 8
14: 2 108 12 110 44 39 114 67 98 39 12
15: 2 129 36 95 38 12 85 132 165 66 96
16: 1 66 46 187 75 127
17: 1 66 38 193 77 90
18: 2 153 100 128 51 12 88 55 199 80 90
19: 1 59 29 195 78 97
20: 2 46 248 66 26 7 45 97 180 72 178
21: 1 49 18 135 54 117
22: 1 97 59 128 51 82
23: 1 90 141 149 60 68
24: 1 44 36 161 64 51
25: 2 56 51 155 62 16 49 13 194 78 16
26: 1 45 88 146 59 79
27: 1 62 74 99 39 43
28: 1 32 46 151 60 73
29: 2 42 101 111 45 9 51 23 155 62 96
30: 1 80 24 121 49 60
31: 3 100 147 79 31 13 76 3 112 45 12 69 40 161 64 17
32: 3 43 163 57 23 4 110 242 71 28 7 80 58 167 67 135
33: 1 73 56 131 52 29
34: 1 109 17 108 43 57
35: 2 104 261 82 32 11 88 36 157 63 127
36: 1 75 44 134 53 68
37: 1 92 14 121 48 19
38: 1 43 32 177 71 133
39: 2 59 68 174 70 72 4 7 173 69 12
40: 4 23 125 53 21 8 103 144 67 27 18 94 8 137 55 74 86 136 121 48 17
41: 3 28 88 108 43 19 49 116 154 62 112 23 178 118 47 10
42: 4 95 260 56 22 8 6 149 64 26 8 89 135 106 42 36 90 22 141 57 81
43: 4 6 133 57 23 4 58 87 111 44 70 84 220 64 26 6 46 176 104 42 35
44: 1 81 91 133 53 66
45: 1 75 30 125 50 94
46: 1 30 43 124 49 124
47: 1 25 36 138 55 73
48: 3 109 18 51 20 11 108 54 72 29 10 23 16 161 64 91
49: 5 127 172 72 29 13 141 12 67 27 18 26 123 115 46 37 115 135 116 46 13 47 31 181 72 69
50: 1 73 26 175 70 149
51: 2 102 87 170 68 100 32 124 198 79 8
52: 1 75 153 114 45 68
53: 3 87 12 115 46 33 43 57 176 70 182 88 115 123 49 12
54: 2 116 104 78 31 14 61 47 166 67 143
55: 5 142 217 54 22 14 122 12 115 46 18 125 160 109 44 14 124 56 107 43 18 69 81 183 73 132
56: 1 60 48 160 64 98
57: 1 35 25 132 53 100
58: 1 87 59 101 40 34
59: 1 97 16 132 53 68
60: 1 39 25 105 42 99
61: 1 64 122 175 70 155
62: 1 58 31 164 66 154
63: 2 57 91 175 70 114 12 63 178 71 32
64: 1 42 87 125 50 75
65: 1 60 34 126 50 141
66: 1 62 62 128 51 68
67: 1 28 62 175 70 103
68: 2 20 86 128 51 65 102 80 130 52 60
69: 1 75 56 182 73 148
70: 1 62 21 120 48 97
71: 1 75 105 140 56 124
72: 3 13 194 58 23 6 82 17 112 45 56 94 115 169 68 73
73: 1 44 67 162 65 83
74: 1 81 67 177 71 114
75: 1 2 83 53 21 5
76: 1 90 15 133 53 74
77: 1 69 35 165 66 78
78: 3 129 12 55 22 5 87 187 132 53 114 85 17 128 51 74
79: 2 82 174 134 54 86 83 11 133 53 64
80: 4 87 188 140 56 95 84 15 132 53 82 33 86 130 52 38 77 99 161 64 17
81: 3 87 17 149 60 42 54 59 124 50 27 95 145 190 76 66
82: 3 29 104 60 24 11 140 28 96 38 36 137 286 126 50 84
83: 1 111 155 126 51 106
84: 1 30 32 107 43 75
85: 3 82 13 84 33 14 33 5 114 46 40 35 82 179 72 137
86: 3 66 32 96 38 51 77 96 175 70 132 119 13 121 48 18
87: 2 60 188 134 54 83 68 12 135 54 114
88: 2 100 185 116 46 83 98 30 150 60 136
89: 2 105 9 110 44 59 110 137 188 75 84
90: 2 75 15 102 41 65 76 133 167 67 52
91: 3 84 12 114 46 81 84 108 141 56 168 10 39 105 42 18
92: 6 98 253 78 31 30 92 146 119 48 63 42 60 113 45 26 11 68 125 50 17 113 19 113 45 89 72 74 137 55 9
93: 5 2 109 55 22 7 73 20 122 49 121 99 171 116 46 27 19 21 173 69 13 65 94 195 78 9
94: 4 93 184 113 45 104 52 148 101 41 12 96 39 163 65 132 39 77 121 48 12
95: 2 100 213 74 29 4 93 32 193 77 113
96: 2 82 145 125 50 71 88 9 125 50 66
97: 4 103 150 53 21 5 60 123 104 42 26 95 196 106 42 10 64 13 127 51 60
98: 3 89 166 105 42 65 103 36 185 74 192 37 23 123 49 9
99: 2 40 30 95 38 7 58 180 118 47 77
100: 3 136 206 51 20 4 101 184 85 34 10 86 42 124 50 97
101: 3 81 17 97 39 62 83 146 120 48 118 13 212 104 42 5
102: 3 88 182 124 50 24 115 7 116 47 16 90 69 130 52 5
103: 2 56 183 83 33 11 57 14 174 70 83
104: 4 100 161 153 61 158 14 85 122 49 12 98 19 140 56 18 101 86 141 56 23
105: 3 118 221 115 46 63 129 10 133 53 30 56 86 200 80 47
106: 5 10 153 55 22 7 93 15 96 38 37 123 37 94 38 15 48 21 115 46 16 112 114 153 61 76
107: 3 75 143 109 44 73 68 16 136 54 54 17 7 172 69 23
