1 2 249 69 84 225 28 300 51 97 227 76
2 2 74 22 22 42 24 101 19 18 46 40
3 2 18 2 5 17 24 25 3 7 16 32
4 2 59 12 11 33 20 72 12 12 37 40
5 2 71 11 17 47 24 52 12 19 41 56
6 2 28 1 10 31 20 38 1 10 31 28
7 2 34 5 12 37 44 46 7 12 38 52
8 3 18 2 5 17 24 24 2 6 17 36 30 2 6 17 52
9 3 21 1 10 31 16 40 0 10 31 16 32 0 10 31 20
10 2 22 1 11 33 36 34 0 12 32 36
11 2 31 0 10 30 16 22 2 10 30 28
12 4 65 36 24 36 20 64 9 21 39 24 68 12 20 55 36 88 16 20 47 52
13 2 49 10 11 36 28 65 9 15 35 40
14 2 39 4 16 36 36 56 7 15 40 52
15 2 26 10 4 16 20 34 10 7 17 24
16 3 31 0 6 20 16 21 1 6 20 24 26 1 7 17 40
17 2 23 0 10 30 16 36 0 10 30 20
18 2 83 14 15 46 20 61 20 22 40 24
19 3 19 3 9 17 32 28 2 6 18 36 35 2 8 18 40
20 2 39 5 5 15 16 20 7 6 17 32
21 1 83 12 25 77 20
22 3 25 4 9 19 44 41 3 9 20 60 32 4 8 18 64
23 2 39 2 11 36 28 52 4 11 35 32
24 4 238 53 14 43 16 229 46 34 51 16 235 58 16 37 48 248 44 20 51 80
25 3 112 5 21 62 32 64 10 20 54 40 88 12 21 49 48
26 2 48 2 12 36 28 34 4 15 36 48
27 2 50 8 17 53 20 76 10 20 48 40
28 2 30 5 12 37 20 43 6 11 36 24
29 3 68 8 10 32 4 52 7 10 34 24 45 8 10 32 32
30 1 24 1 6 17 16
31 3 16 2 8 17 40 36 2 6 16 40 25 1 9 16 48
32 2 50 16 14 41 20 67 16 18 38 52
33 2 30 4 12 36 20 46 2 11 36 20
34 2 44 7 14 38 32 58 5 12 37 40
35 1 23 2 9 18 60
36 3 46 2 19 35 24 55 18 15 37 28 78 14 18 38 36
37 3 20 4 10 20 20 37 6 10 21 28 30 2 10 20 36
38 2 88 19 24 72 28 107 16 32 66 28
39 2 55 8 20 60 20 69 8 19 61 28
40 2 93 10 23 69 48 62 5 24 46 56
41 2 40 6 12 37 16 50 4 10 32 20
42 3 159 26 22 69 52 134 30 20 58 56 109 21 24 51 76
43 3 131 18 21 64 24 87 15 22 56 64 116 18 22 56 72
44 3 23 3 10 31 16 29 1 10 31 16 36 0 10 31 16
45 2 32 2 12 36 20 44 2 11 34 40
46 3 256 24 33 86 44 150 90 35 89 60 197 50 35 81 68
47 2 20 1 5 16 16 14 0 5 18 20
48 2 76 12 22 52 28 103 10 22 62 68
49 3 102 5 21 61 28 136 17 23 49 28 73 10 22 59 64
50 3 58 24 11 34 24 98 12 11 33 24 74 17 13 37 40
51 2 53 24 11 33 16 50 2 11 35 40
52 3 57 6 18 45 28 45 5 20 35 32 78 17 20 38 36
53 2 176 52 26 67 68 215 37 28 72 68
54 2 38 11 15 45 16 53 15 15 45 16
55 3 133 24 16 40 52 116 24 14 40 56 150 22 15 38 56
56 2 34 3 7 20 52 22 6 8 18 64
57 2 65 32 11 35 28 89 8 11 34 28
58 2 48 7 15 45 16 64 4 15 46 20
59 2 44 9 11 32 24 35 1 12 35 48
60 2 27 3 5 15 20 18 0 6 17 24
61 2 25 1 10 30 16 32 0 10 32 20
62 2 60 4 26 39 16 44 6 19 47 36
63 2 104 18 27 74 36 131 22 25 72 56
64 2 26 1 10 30 16 38 2 10 30 20
65 3 24 2 7 21 16 26 10 10 18 36 36 7 9 21 36
66 2 38 7 10 32 24 46 6 11 32 40
67 2 45 2 16 50 16 59 2 17 52 20
68 3 86 9 19 53 36 98 17 20 46 40 69 9 18 53 52
69 2 60 7 17 51 16 50 6 18 54 28
70 4 33 6 6 18 16 17 2 8 20 40 29 3 7 19 40 22 3 9 17 52
71 3 36 0 10 30 16 59 0 10 30 16 24 0 10 30 20
72 2 25 4 7 20 36 34 2 8 20 56
73 1 17 0 5 17 20
74 2 28 2 10 30 24 39 2 10 30 24
75 3 45 1 13 38 16 31 3 12 37 20 39 3 12 38 44
76 4 30 3 5 16 16 47 4 5 16 16 24 1 6 18 20 40 2 6 18 36
77 3 61 12 21 58 28 83 6 22 61 52 108 6 20 56 60
78 2 77 5 13 36 28 94 6 11 35 32
79 4 69 29 14 38 10 139 7 17 37 14 74 34 19 50 24 106 15 16 38 68
80 3 34 2 15 34 24 59 2 11 34 24 48 2 14 33 28
81 2 63 4 17 40 24 48 8 15 38 28
82 2 41 4 12 38 20 56 4 12 38 24
83 2 39 5 11 33 32 51 11 11 34 44
84 1 38 4 12 36 28
85 2 17 4 5 18 20 23 3 8 19 36
86 2 35 4 8 24 32 23 1 9 21 44
87 2 78 12 24 46 24 62 8 18 49 36
88 1 54 16 14 37 52
89 2 82 17 28 82 44 117 14 26 73 48
90 5 50 4 12 38 16 34 4 12 36 20 1 3 12 35 24 62 4 11 35 24 44 4 12 36 36
91 3 48 14 11 34 20 58 12 10 34 20 69 8 11 32 24
92 2 42 4 10 34 20 57 5 11 36 40
93 2 54 4 18 40 20 38 5 14 42 28
94 2 71 9 17 37 32 53 17 15 37 48
95 4 145 55 11 34 16 156 55 12 35 20 136 53 11 35 36 127 53 13 35 44
96 2 40 4 14 39 28 61 5 16 39 28
97 2 35 8 11 34 20 46 6 12 36 36
98 3 54 7 14 42 32 89 9 17 37 52 68 7 19 36 56
99 1 27 1 22 32 20
100 2 33 1 7 19 28 23 2 7 20 40
