2 111 16 20 61 3 -1 
2 162 13 13 41 3 -1 
4 58 34 21 31 3 -1 
19 49 0 5 16 3 -1 
21 13 24 12 35 3 -1 
21 23 6 10 32 3 -1 
21 22 52 13 41 3 -1 
21 78 15 10 31 3 -1 
24 111 134 13 40 3 -1 
24 112 94 11 33 3 -1 
24 112 135 13 40 3 -1 
24 193 78 10 32 3 -1 
24 234 90 22 33 3 -1 
24 237 88 23 34 3 -1 
24 264 82 10 32 3 -1 
24 395 11 13 39 3 -1 
24 399 42 11 35 3 -1 
25 11 14 26 39 3 -1 
33 16 7 11 33 3 -1 
34 33 1 11 34 3 -1 
34 68 1 11 33 3 -1 
34 81 15 11 33 3 -1 
35 18 3 6 18 3 -1 
45 15 2 11 33 3 -1 
65 20 0 5 17 3 -1 
68 109 28 16 48 3 -1 
72 39 2 7 22 3 -1 
74 23 2 10 30 3 -1 
76 1 3 5 16 3 -1 
78 38 2 12 37 3 -1 
79 67 53 11 34 3 -1 
81 77 5 14 42 3 -1 
84 51 0 10 31 3 -1 
85 31 5 5 16 3 -1 
86 16 9 6 18 3 -1 
86 29 9 6 20 3 -1 
86 43 10 6 19 3 -1 
86 47 12 11 16 3 -1 
91 85 1 11 32 3 -1 
95 6 82 10 32 3 -1 
95 43 24 11 32 3 -1 
95 208 59 12 35 3 -1 
98 78 2 15 47 3 -1 
100 28 7 6 18 3 -1 
4 84 14 12 32 3 -1 
5 10 29 18 35 3 -1 
15 20 5 6 23 3 -1 
18 44 14 14 42 3 -1 
18 94 8 13 38 3 -1 
24 74 110 12 36 3 -1 
24 84 115 10 33 3 -1 
24 202 94 14 43 3 -1 
24 228 58 11 35 3 -1 
24 234 92 11 32 3 -1 
24 233 90 23 34 3 -1 
24 266 56 18 55 3 -1 
27 64 7 18 39 3 -1 
63 150 34 23 69 3 -1 
65 12 2 6 20 3 -1 
87 4 1 22 32 3 -1 
18 125 26 13 38 3 -1 
21 107 58 10 31 3 -1 
22 48 3 6 20 3 -1 
24 87 136 20 40 3 -1 
24 386 7 12 36 3 -1 
35 30 3 6 18 3 -1 
40 73 7 24 59 3 -1 
48 18 7 21 64 3 -1 
95 179 51 14 46 3 -1 
3 14 1 6 17 3 -1 
22 22 4 6 18 3 -1 
24 161 94 20 58 3 -1 
30 20 3 7 20 3 -1 
63 82 8 26 81 3 -1 
24 99 117 16 49 3 -1 
18 108 2 15 35 3 -1 
85 13 4 5 17 3 -1 
54 94 8 17 42 3 -1 
29 68 8 10 32 4 1 
79 69 29 14 38 10 1 
79 139 7 17 37 14 1 
9 21 1 10 31 16 3 
9 40 0 10 31 16 3 
11 31 0 10 30 16 3 
16 31 0 6 20 16 3 
17 23 0 10 30 16 3 
20 39 5 5 15 16 3 
24 238 53 14 43 16 3 
24 229 46 34 51 16 3 
30 24 1 6 17 16 3 
41 40 6 12 37 16 3 
44 23 3 10 31 16 3 
44 29 1 10 31 16 3 
44 36 0 10 31 16 3 
47 20 1 5 16 16 3 
51 53 24 11 33 16 3 
54 38 11 15 45 16 3 
54 53 15 15 45 16 3 
58 48 7 15 45 16 3 
61 25 1 10 30 16 3 
62 60 4 26 39 16 3 
64 26 1 10 30 16 3 
65 24 2 7 21 16 3 
67 45 2 16 50 16 3 
69 60 7 17 51 16 3 
70 33 6 6 18 16 3 
71 36 0 10 30 16 3 
71 59 0 10 30 16 3 
75 45 1 13 38 16 3 
76 30 3 5 16 16 3 
76 47 4 5 16 16 3 
90 50 4 12 38 16 3 
95 145 55 11 34 16 3 
4 59 12 11 33 20 3 
6 28 1 10 31 20 3 
9 32 0 10 31 20 3 
12 65 36 24 36 20 3 
15 26 10 4 16 20 3 
17 36 0 10 30 20 3 
18 83 14 15 46 20 3 
21 83 12 25 77 20 3 
27 50 8 17 53 20 3 
28 30 5 12 37 20 3 
32 50 16 14 41 20 3 
33 30 4 12 36 20 3 
33 46 2 11 36 20 3 
37 20 4 10 20 20 3 
39 55 8 20 60 20 3 
41 50 4 10 32 20 3 
45 32 2 12 36 20 3 
47 14 0 5 18 20 3 
58 64 4 15 46 20 3 
60 27 3 5 15 20 3 
61 32 0 10 32 20 3 
64 38 2 10 30 20 3 
67 59 2 17 52 20 3 
71 24 0 10 30 20 3 
73 17 0 5 17 20 3 
75 31 3 12 37 20 3 
76 24 1 6 18 20 3 
82 41 4 12 38 20 3 
85 17 4 5 18 20 3 
90 34 4 12 36 20 3 
91 48 14 11 34 20 3 
91 58 12 10 34 20 3 
92 42 4 10 34 20 3 
93 54 4 18 40 20 3 
95 156 55 12 35 20 3 
97 35 8 11 34 20 3 
99 27 1 22 32 20 3 
2 74 22 22 42 24 3 
3 18 2 5 17 24 3 
5 71 11 17 47 24 3 
8 18 2 5 17 24 3 
12 64 9 21 39 24 3 
15 34 10 7 17 24 3 
16 21 1 6 20 24 3 
18 61 20 22 40 24 3 
28 43 6 11 36 24 3 
29 52 7 10 34 24 3 
36 46 2 19 35 24 3 
43 131 18 21 64 24 3 
50 58 24 11 34 24 3 
50 98 12 11 33 24 3 
59 44 9 11 32 24 3 
60 18 0 6 17 24 3 
66 38 7 10 32 24 3 
74 28 2 10 30 24 3 
74 39 2 10 30 24 3 
79 74 34 19 50 24 3 
80 34 2 15 34 24 3 
80 59 2 11 34 24 3 
81 63 4 17 40 24 3 
82 56 4 12 38 24 3 
87 78 12 24 46 24 3 
90 1 3 12 35 24 3 
90 62 4 11 35 24 3 
91 69 8 11 32 24 3 
1 249 69 84 225 28 3 
6 38 1 10 31 28 3 
11 22 2 10 30 28 3 
13 49 10 11 36 28 3 
23 39 2 11 36 28 3 
26 48 2 12 36 28 3 
36 55 18 15 37 28 3 
37 37 6 10 21 28 3 
38 88 19 24 72 28 3 
38 107 16 32 66 28 3 
39 69 8 19 61 28 3 
48 76 12 22 52 28 3 
49 102 5 21 61 28 3 
49 136 17 23 49 28 3 
52 57 6 18 45 28 3 
57 65 32 11 35 28 3 
57 89 8 11 34 28 3 
69 50 6 18 54 28 3 
77 61 12 21 58 28 3 
78 77 5 13 36 28 3 
80 48 2 14 33 28 3 
81 48 8 15 38 28 3 
84 38 4 12 36 28 3 
93 38 5 14 42 28 3 
96 40 4 14 39 28 3 
96 61 5 16 39 28 3 
100 33 1 7 19 28 3 
3 25 3 7 16 32 3 
19 19 3 9 17 32 3 
20 20 7 6 17 32 3 
23 52 4 11 35 32 3 
25 112 5 21 62 32 3 
29 45 8 10 32 32 3 
34 44 7 14 38 32 3 
52 45 5 20 35 32 3 
78 94 6 11 35 32 3 
83 39 5 11 33 32 3 
86 35 4 8 24 32 3 
94 71 9 17 37 32 3 
98 54 7 14 42 32 3 
8 24 2 6 17 36 3 
10 22 1 11 33 36 3 
10 34 0 12 32 36 3 
12 68 12 20 55 36 3 
14 39 4 16 36 36 3 
19 28 2 6 18 36 3 
36 78 14 18 38 36 3 
37 30 2 10 20 36 3 
52 78 17 20 38 36 3 
62 44 6 19 47 36 3 
63 104 18 27 74 36 3 
65 26 10 10 18 36 3 
65 36 7 9 21 36 3 
68 86 9 19 53 36 3 
72 25 4 7 20 36 3 
76 40 2 6 18 36 3 
85 23 3 8 19 36 3 
87 62 8 18 49 36 3 
90 44 4 12 36 36 3 
95 136 53 11 35 36 3 
97 46 6 12 36 36 3 
2 101 19 18 46 40 3 
4 72 12 12 37 40 3 
13 65 9 15 35 40 3 
16 26 1 7 17 40 3 
19 35 2 8 18 40 3 
25 64 10 20 54 40 3 
27 76 10 20 48 40 3 
31 16 2 8 17 40 3 
31 36 2 6 16 40 3 
34 58 5 12 37 40 3 
45 44 2 11 34 40 3 
50 74 17 13 37 40 3 
51 50 2 11 35 40 3 
66 46 6 11 32 40 3 
68 98 17 20 46 40 3 
70 17 2 8 20 40 3 
70 29 3 7 19 40 3 
92 57 5 11 36 40 3 
100 23 2 7 20 40 3 
7 34 5 12 37 44 3 
22 25 4 9 19 44 3 
46 256 24 33 86 44 3 
75 39 3 12 38 44 3 
83 51 11 11 34 44 3 
86 23 1 9 21 44 3 
89 82 17 28 82 44 3 
95 127 53 13 35 44 3 
24 235 58 16 37 48 3 
25 88 12 21 49 48 3 
26 34 4 15 36 48 3 
31 25 1 9 16 48 3 
40 93 10 23 69 48 3 
59 35 1 12 35 48 3 
89 117 14 26 73 48 3 
94 53 17 15 37 48 3 
7 46 7 12 38 52 3 
8 30 2 6 17 52 3 
12 88 16 20 47 52 3 
14 56 7 15 40 52 3 
32 67 16 18 38 52 3 
42 159 26 22 69 52 3 
55 133 24 16 40 52 3 
56 34 3 7 20 52 3 
68 69 9 18 53 52 3 
70 22 3 9 17 52 3 
77 83 6 22 61 52 3 
88 54 16 14 37 52 3 
98 89 9 17 37 52 3 
5 52 12 19 41 56 3 
40 62 5 24 46 56 3 
42 134 30 20 58 56 3 
55 116 24 14 40 56 3 
55 150 22 15 38 56 3 
63 131 22 25 72 56 3 
72 34 2 8 20 56 3 
98 68 7 19 36 56 3 
22 41 3 9 20 60 3 
35 23 2 9 18 60 3 
46 150 90 35 89 60 3 
77 108 6 20 56 60 3 
22 32 4 8 18 64 3 
43 87 15 22 56 64 3 
49 73 10 22 59 64 3 
56 22 6 8 18 64 3 
46 197 50 35 81 68 3 
48 103 10 22 62 68 3 
53 176 52 26 67 68 3 
53 215 37 28 72 68 3 
79 106 15 16 38 68 3 
43 116 18 22 56 72 3 
1 300 51 97 227 76 3 
42 109 21 24 51 76 3 
24 248 44 20 51 80 3 
