1 2 249 69 84 225 300 51 97 227
2 2 74 22 22 42 101 19 18 46
3 2 25 3 7 16 15 4 9 15
4 4 59 12 11 33 72 12 12 37 112 46 0 0 112 46 0 0
5 3 71 11 17 47 52 12 19 41 98 41 -1 0
6 5 38 1 10 31 38 17 -10 -9 28 8 0 0 30 4 8 25 28 2 10 30
7 2 34 5 12 37 46 7 12 38
8 3 25 2 6 18 31 2 6 17 16 3 8 15
9 3 21 1 10 31 40 0 10 31 32 0 10 31
10 2 22 1 11 33 34 0 12 32
11 2 24 4 8 20 33 3 9 24
12 2 68 12 20 55 88 16 20 47
13 3 49 10 11 36 65 9 15 35 82 56 0 0
14 2 39 4 16 36 56 7 15 40
15 0
16 3 21 1 6 20 41 24 7 0 48 24 0 0
17 2 23 0 10 30 36 0 10 30
18 2 83 14 15 46 61 20 22 40
19 3 19 3 9 17 28 2 6 18 35 2 8 18
20 2 32 3 12 21 22 4 10 20
21 1 83 12 25 77
22 3 25 4 9 19 41 3 9 20 32 4 8 18
23 4 39 2 11 36 52 4 11 35 35 5 16 34 52 5 21 34
24 4 238 53 14 43 229 46 34 51 235 58 16 37 248 44 20 51
25 3 112 5 21 62 64 10 20 54 88 12 21 49
26 2 48 2 12 36 34 4 15 36
27 2 76 10 20 48 48 7 25 53
28 2 43 6 11 36 30 5 12 37
29 3 52 7 10 34 45 8 10 32 63 10 11 26
30 0
31 3 16 2 8 17 36 2 6 16 25 1 9 16
32 2 50 16 14 41 67 16 18 38
33 2 30 4 12 36 46 2 11 36
34 2 44 7 14 38 58 5 12 37
35 1 23 2 9 18
36 3 55 18 15 37 78 14 18 38 52 10 20 39
37 3 37 6 10 21 20 4 10 20 30 2 10 20
38 2 88 19 24 72 107 16 32 66
39 2 73 16 12 44 54 15 21 46
40 2 93 10 23 69 59 4 34 72
41 2 50 4 10 32 40 6 12 37
42 5 134 30 20 58 109 21 24 51 187 93 0 4 187 97 0 0 160 23 27 74
43 2 116 18 22 56 88 16 30 61
44 3 23 3 10 31 29 1 10 31 36 0 10 31
45 3 32 2 12 36 44 2 11 34 90 28 0 0
46 3 256 24 33 86 150 90 35 89 197 50 35 81
47 0
48 2 76 12 22 52 103 10 22 62
49 3 102 5 21 61 136 17 23 49 73 10 22 59
50 3 58 24 11 34 98 12 11 33 74 17 13 37
51 3 63 31 -3 -2 50 5 14 51 63 6 9 51
52 2 78 17 20 38 44 7 29 49
53 2 176 52 26 67 215 37 28 72
54 2 38 11 15 45 56 6 22 49
55 3 133 24 16 40 116 24 14 40 150 22 15 38
56 2 22 6 8 18 34 3 7 20
57 3 65 32 11 35 89 8 11 34 73 20 18 36
58 2 48 7 15 45 64 4 15 46
59 1 34 2 21 43
60 0
61 2 25 1 10 30 32 0 10 32
62 2 60 4 26 39 44 6 19 47
63 2 104 18 27 74 131 22 25 72
64 2 26 1 10 30 38 2 10 30
65 2 36 7 9 21 25 5 11 24
66 2 38 7 10 32 46 6 11 32
67 2 45 2 16 50 59 2 17 52
68 5 86 9 19 53 98 17 20 46 69 9 18 53 98 78 0 0 98 78 0 0
69 4 50 6 18 54 70 56 0 0 70 56 0 0 66 9 18 56
70 1 29 3 7 19
71 9 24 0 10 30 36 0 10 30 59 0 10 30 55 15 1 3 56 18 0 0 57 19 1 3 58 22 0 0 58 22 0 2 47 0 12 28
72 2 25 4 7 20 34 2 8 20
73 0
74 2 28 2 10 30 39 2 10 30
75 2 31 3 12 37 39 3 12 38
76 5 24 1 6 18 40 2 6 18 35 13 3 7 38 20 0 0 30 1 6 19
77 3 61 12 21 58 83 6 22 61 108 6 20 56
78 3 77 5 13 36 94 6 11 35 84 8 11 30
79 4 74 34 19 50 99 11 36 67 134 2 36 67 39 30 27 66
80 2 34 2 15 34 48 2 14 33
81 2 63 4 17 40 48 8 15 38
82 2 41 4 12 38 56 4 12 38
83 2 39 5 11 33 51 11 11 34
84 1 38 4 12 36
85 2 23 3 8 19 12 2 8 19
86 2 35 4 8 24 26 3 8 25
87 2 78 12 24 46 62 8 18 49
88 1 54 16 14 37
89 2 82 17 28 82 117 14 26 73
90 5 50 4 12 38 1 3 12 35 34 4 12 36 62 4 11 35 44 4 12 36
91 3 48 14 11 34 58 12 10 34 69 8 11 32
92 2 42 4 10 34 57 5 11 36
93 2 54 4 18 40 38 5 14 42
94 2 71 9 17 37 53 17 15 37
95 4 145 55 11 34 156 55 12 35 136 53 11 35 127 53 13 35
96 2 40 4 14 39 61 5 16 39
97 2 35 8 11 34 46 6 12 36
98 3 54 7 14 42 89 9 17 37 68 7 19 36
99 1 27 1 22 32
100 3 33 1 7 19 23 2 7 20 18 2 7 22
