1 2 249 69 84 225 56 300 51 97 227 152
2 2 74 22 22 42 48 101 19 18 46 80
3 2 25 3 7 16 64 15 4 9 15 99999
4 4 59 12 11 33 40 72 12 12 37 80 112 46 0 0 99999 112 46 0 0 99999
5 3 71 11 17 47 48 52 12 19 41 112 98 41 -1 0 99999
6 5 38 1 10 31 12 38 17 -10 -9 99999 28 8 0 0 99999 30 4 8 25 99999 28 2 10 30 99999
7 2 34 5 12 37 88 46 7 12 38 104
8 3 25 2 6 18 99999 31 2 6 17 99999 16 3 8 15 99999
9 3 21 1 10 31 12 40 0 10 31 12 32 0 10 31 12
10 2 22 1 11 33 72 34 0 12 32 72
11 2 24 4 8 20 99999 33 3 9 24 99999
12 2 68 12 20 55 72 88 16 20 47 104
13 3 49 10 11 36 56 65 9 15 35 80 82 56 0 0 99999
14 2 39 4 16 36 72 56 7 15 40 104
15 0
16 3 21 1 6 20 12 41 24 7 0 99999 48 24 0 0 99999
17 2 23 0 10 30 32 36 0 10 30 40
18 2 83 14 15 46 40 61 20 22 40 48
19 3 19 3 9 17 64 28 2 6 18 72 35 2 8 18 80
20 2 32 3 12 21 99999 22 4 10 20 99999
21 1 83 12 25 77 40
22 3 25 4 9 19 88 41 3 9 20 120 32 4 8 18 128
23 4 39 2 11 36 12 52 4 11 35 16 35 5 16 34 99999 52 5 21 34 99999
24 4 238 53 14 43 32 229 46 34 51 32 235 58 16 37 96 248 44 20 51 160
25 3 112 5 21 62 64 64 10 20 54 80 88 12 21 49 96
26 2 48 2 12 36 56 34 4 15 36 96
27 2 76 10 20 48 20 48 7 25 53 99999
28 2 43 6 11 36 12 30 5 12 37 40
29 3 52 7 10 34 48 45 8 10 32 64 63 10 11 26 99999
30 0
31 3 16 2 8 17 80 36 2 6 16 80 25 1 9 16 96
32 2 50 16 14 41 40 67 16 18 38 104
33 2 30 4 12 36 40 46 2 11 36 40
34 2 44 7 14 38 64 58 5 12 37 80
35 1 23 2 9 18 120
36 3 55 18 15 37 14 78 14 18 38 72 52 10 20 39 99999
37 3 37 6 10 21 12 20 4 10 20 40 30 2 10 20 72
38 2 88 19 24 72 56 107 16 32 66 56
39 2 73 16 12 44 99999 54 15 21 46 99999
40 2 93 10 23 69 96 59 4 34 72 99999
41 2 50 4 10 32 12 40 6 12 37 32
42 5 134 30 20 58 112 109 21 24 51 152 187 93 0 4 99999 187 97 0 0 99999 160 23 27 74 99999
43 2 116 18 22 56 144 88 16 30 61 99999
44 3 23 3 10 31 32 29 1 10 31 32 36 0 10 31 32
45 3 32 2 12 36 40 44 2 11 34 80 90 28 0 0 99999
46 3 256 24 33 86 88 150 90 35 89 120 197 50 35 81 136
47 0
48 2 76 12 22 52 56 103 10 22 62 136
49 3 102 5 21 61 56 136 17 23 49 56 73 10 22 59 128
50 3 58 24 11 34 48 98 12 11 33 48 74 17 13 37 80
51 3 63 31 -3 -2 99999 50 5 14 51 99999 63 6 9 51 99999
52 2 78 17 20 38 18 44 7 29 49 99999
53 2 176 52 26 67 136 215 37 28 72 136
54 2 38 11 15 45 32 56 6 22 49 99999
55 3 133 24 16 40 104 116 24 14 40 112 150 22 15 38 112
56 2 22 6 8 18 32 34 3 7 20 104
57 3 65 32 11 35 56 89 8 11 34 56 73 20 18 36 99999
58 2 48 7 15 45 32 64 4 15 46 40
59 1 34 2 21 43 99999
60 0
61 2 25 1 10 30 32 32 0 10 32 40
62 2 60 4 26 39 8 44 6 19 47 72
63 2 104 18 27 74 72 131 22 25 72 112
64 2 26 1 10 30 32 38 2 10 30 40
65 2 36 7 9 21 72 25 5 11 24 99999
66 2 38 7 10 32 12 46 6 11 32 80
67 2 45 2 16 50 32 59 2 17 52 40
68 5 86 9 19 53 72 98 17 20 46 80 69 9 18 53 104 98 78 0 0 99999 98 78 0 0 99999
69 4 50 6 18 54 14 70 56 0 0 99999 70 56 0 0 99999 66 9 18 56 99999
70 1 29 3 7 19 20
71 9 24 0 10 30 12 36 0 10 30 32 59 0 10 30 32 55 15 1 3 99999 56 18 0 0 99999 57 19 1 3 99999 58 22 0 0 99999 58 22 0 2 99999 47 0 12 28 99999
72 2 25 4 7 20 72 34 2 8 20 112
73 0
74 2 28 2 10 30 48 39 2 10 30 48
75 2 31 3 12 37 40 39 3 12 38 88
76 5 24 1 6 18 12 40 2 6 18 16 35 13 3 7 99999 38 20 0 0 99999 30 1 6 19 99999
77 3 61 12 21 58 56 83 6 22 61 104 108 6 20 56 120
78 3 77 5 13 36 56 94 6 11 35 64 84 8 11 30 99999
79 4 74 34 19 50 12 99 11 36 67 99999 134 2 36 67 99999 39 30 27 66 99999
80 2 34 2 15 34 48 48 2 14 33 56
81 2 63 4 17 40 48 48 8 15 38 56
82 2 41 4 12 38 40 56 4 12 38 48
83 2 39 5 11 33 16 51 11 11 34 22
84 1 38 4 12 36 56
85 2 23 3 8 19 16 12 2 8 19 99999
86 2 35 4 8 24 64 26 3 8 25 99999
87 2 78 12 24 46 48 62 8 18 49 72
88 1 54 16 14 37 24
89 2 82 17 28 82 88 117 14 26 73 96
90 5 50 4 12 38 12 1 3 12 35 12 34 4 12 36 40 62 4 11 35 48 44 4 12 36 72
91 3 48 14 11 34 12 58 12 10 34 40 69 8 11 32 48
92 2 42 4 10 34 40 57 5 11 36 80
93 2 54 4 18 40 40 38 5 14 42 56
94 2 71 9 17 37 64 53 17 15 37 96
95 4 145 55 11 34 32 156 55 12 35 40 136 53 11 35 72 127 53 13 35 88
96 2 40 4 14 39 56 61 5 16 39 56
97 2 35 8 11 34 40 46 6 12 36 72
98 3 54 7 14 42 64 89 9 17 37 104 68 7 19 36 112
99 1 27 1 22 32 40
100 3 33 1 7 19 56 23 2 7 20 80 18 2 7 22 99999
